142
30
30
29
30
30
30
32
30
30
31
30
31
29
30
30
32
31
30
34
30
30
32
31
31
30
30
30
32
32
30
32
30
30
30
33
31
31
31
31
31
29
30
30
30
31
30
31
30
29
30
30
30
30
30
30
30
31
31
31
32
31
31
31
32
30
31
29
31
31
31
30
29
30
30
34
31
30
31
31
31
30
30
30
30
11
31
37
31
31
31
30
31
30
32
30
32
30
31
29
32
30
30
31
30
17
13
30
31
32
30
30
30
31
31
30
31
32
33
32
32
32
32
30
31
29
31
31
31
32
32
30
31
30
32
31
18
35
31
30
31
31
31
30
32
31
30
31
31
30
34
32
36
31
31
31
30
31
30
31
30
31
31
31
26
30
31
30
32
31
32
29
31
30
30
31
30
31
32
31
31
32
31
30
32
30
32
30
31
10
31
32
34
32
30
31
31
30
32
33
30
31
31
31
31
31
39
30
30
30
31
34
31
30
31
30
30
30
31
31
32
29
32
20
30
30
31
30
31
30
31
32
31
31
32
30
31
39
30
30
31
34
34
19
33
31
31
29
29
31
31
31
33
30
30
31
31
32
32
32
34
31
30
31
29
31
31
30
30
31
30
31
32
30
30
31
32
13
15
33
21
33
31
30
31
30
31
29
30
34
30
32
31
31
30
31
30
32
31
31
30
32
32
31
38
27
31
33
34
31
36
32
31
30
30
30
31
30
36
31
31
32
30
31
30
30
30
30
14
30
31
31
33
31
29
30
34
31
32
31
31
19
32
29
32
31
32
35
31
29
31
30
34
31
31
30
31
31
30
31
31
30
30
30
31
35
30
29
30
31
31
30
31
30
30
29
34
31
31
29
31
30
31
32
30
30
30
30
31
31
31
30
35
30
31
31
30
31
36
30
18
31
31
32
30
30
31
30
32
29
30
30
30
32
29
30
31
30
31
30
30
32
31
31
31
30
32
30
33
31
30
30
30
34
31
31
30
31
31
31
31
31
32
32
31
33
30
31
30
31
30
30
31
30
32
29
31
31
32
30
31
31
33
31
33
30
33
30
34
30
34
30
13
30
31
35
31
31
31
29
31
30
31
30
31
29
30
31
32
30
31
30
31
31
31
30
31
30
32
30
31
30
29
30
30
31
31
30
30
32
31
32
31
30
30
32
31
31
31
30
34
31
31
31
30
46
31
31
31
29
30
31
32
30
31
30
31
30
35
32
30
31
30
31
29
30
33
31
31
38
30
30
31
31
30
31
32
30
30
13
30
31
11
30
30
30
33
32
32
31
31
30
30
30
31
30
31
29
32
31
30
502
18
30
31
29
30
30
31
30
33
172
31
31
32
31
11
32
31
31
30
32
30
31
31
31
30
33
32
31
32
31
31
30
29
31
30
31
37
32
31
30
31
30
31
31
30
29
30
33
31
31
30
31
32
31
30
30
36
30
31
30
30
29
30
31
30
31
32
37
31
31
32
31
30
30
30
31
31
30
31
31
30
33
30
30
31
35
33
32
32
30
31
31
31
30
30
30
32
32
30
30
30
30
59
33
31
30
32
29
30
30
31
30
30
12
32
30
33
31
31
31
32
31
31
31
32
30
32
30
33
30
30
30
29
30
32
32
31
30
30
31
30
29
31
30
31
32
32
31
33
32
11
31
30
16
31
30
31
32
32
30
30
30
31
30
31
31
30
31
31
31
31
32
29
30
31
33
30
32
31
30
30
31
35
30
31
32
30
32
34
30
31
30
31
30
31
31
31
30
32
30
31
31
13
30
31
31
30
29
31
31
31
30
30
30
31
31
32
32
41
31
31
31
30
30
30
30
31
31
31
31
30
31
31
30
30
31
30
30
37
31
31
30
31
31
31
33
30
30
31
29
32
30
32
18
31
29
31
31
32
31
31
30
31
30
30
32
31
35
30
30
31
30
31
31
31
30
31
32
32
31
30
31
31
30
11
30
32
33
31
31
31
30
30
37
31
30
31
30
30
30
33
30
32
31
31
31
30
32
31
29
30
31
17
31
31
31
30
31
31
31
29
33
31
30
32
32
34
29
31
30
31
33
31
30
30
30
31
30
31
31
30
23
31
31
33
30
31
30
30
31
31
30
31
30
30
34
32
30
31
29
30
33
30
31
31
31
31
30
31
30
31
30
32
34
30
30
31
30
31
31
30
31
32
30
34
31
31
29
30
30
30
31
33
30
30
31
30
30
31
31
30
31
36
31
31
31
30
30
31
31
29
32
31
34
31
33
30
31
