83
48
55
50
51
43
49
68
46
60
40
50
50
55
55
38
45
45
59
52
39
53
46
43
52
57
48
59
40
44
34
51
38
55
60
49
73
52
48
43
45
42
44
50
44
35
44
50
38
50
42
45
47
56
51
41
52
48
40
75
44
50
42
47
53
45
50
62
39
54
44
49
51
55
65
41
35
50
50
50
36
46
33
47
49
44
38
54
52
65
50
50
46
50
54
44
47
47
51
58
46
54
47
54
35
49
50
50
55
46
37
51
45
40
51
41
61
44
36
60
37
60
45
41
47
54
47
40
56
54
38
48
56
44
43
44
58
42
51
43
52
49
39
46
63
43
36
61
46
52
49
48
48
47
39
40
51
43
51
64
41
47
55
39
52
63
46
58
56
61
42
53
45
46
49
42
52
56
42
49
36
42
55
34
41
47
34
56
57
58
41
48
54
53
48
47
45
55
45
58
41
62
42
46
49
58
59
58
44
51
48
49
58
49
44
57
46
45
35
51
36
53
42
42
37
42
49
50
59
47
41
44
58
63
53
38
33
61
35
44
35
44
55
35
49
46
58
42
46
43
42
51
50
41
53
35
48
50
48
47
43
65
47
47
48
44
36
45
50
55
36
36
43
45
48
54
50
52
48
44
39
55
46
48
43
47
23
45
57
46
39
57
46
62
42
48
50
58
43
51
43
50
51
66
35
43
59
33
52
24
39
47
43
38
49
47
43
43
52
44
44
51
49
57
47
46
46
48
48
50
35
48
42
51
47
40
51
46
46
55
46
50
57
49
39
36
52
44
41
42
40
52
42
50
51
40
44
57
43
44
40
46
52
56
50
48
46
34
42
37
53
36
44
45
45
53
66
44
54
48
41
41
42
50
58
41
47
44
47
50
35
48
46
57
47
61
43
42
45
42
55
45
64
46
58
44
50
50
35
44
51
51
52
47
60
46
37
53
56
37
43
277
50
53
54
45
49
61
104
46
55
55
51
49
44
49
47
51
51
41
45
48
55
52
61
37
56
56
45
43
57
50
55
50
51
42
45
37
45
46
51
37
56
49
50
41
36
66
44
46
55
32
54
58
52
41
35
52
42
47
51
41
49
63
55
41
45
63
40
44
49
57
44
39
53
41
41
51
50
50
49
41
47
51
44
40
49
48
47
48
51
36
52
41
48
70
44
50
46
43
47
61
50
55
50
42
40
52
47
46
47
40
48
52
43
46
43
40
48
55
44
43
52
62
50
45
50
37
38
61
50
39
45
46
47
45
34
53
51
54
58
44
55
45
43
52
41
43
47
49
45
41
48
45
48
35
32
44
55
52
39
36
56
41
60
40
39
47
54
46
56
47
42
57
42
36
39
61
53
38
51
45
50
46
45
46
35
49
54
48
56
36
55
50
54
43
35
52
46
47
50
35
48
37
63
37
51
52
48
48
46
42
52
43
53
53
60
45
51
58
47
37
54
48
41
33
43
75
48
49
51
46
52
55
47
37
42
48
48
58
52
39
55
51
37
42
40
49
44
52
46
54
48
38
53
48
40
46
44
44
44
46
53
33
49
46
52
32
23
50
55
53
49
48
48
40
36
46
49
58
51
43
51
46
52
35
42
49
48
44
43
38
48
47
50
47
36
43
51
51
55
38
47
53
51
55
44
54
49
52
47
36
55
55
51
32
46
49
53
41
52
40
44
20
57
59
34
45
52
49
51
38
47
47
44
50
41
41
57
59
51
48
46
47
47
35
39
48
49
47
58
50
51
53
40
37
41
49
45
32
59
45
63
48
35
43
36
52
52
52
49
40
51
47
51
45
43
56
50
53
54
36
47
42
51
35
49
42
41
44
34
38
53
45
43
40
48
46
51
44
42
43
58
47
36
29
24
50
53
45
51
44
45
54
45
41
40
47
51
49
47
48
48
49
48
53
37
49
51
47
51
36
60
55
51
35
51
46
52
54
46
30
27
25
29
22
22
33
26
25
39
21
21
24
18
29
22
30
29
30
21
29
32
36
24
21
37
26
26
25
28
26
26
31
24
22
30
36
22
21
23
24
25
30
20
34
25
27
22
31
26
21
23
26
26
21
27
40
20
24
27
21
21
27
27
28
22
29
30
21
26
23
27
35
26
31
26
24
25
22
23
48
19
20
25
28
24
22
26
27
24
27
24
29
28
38
42
52
52
50
50
40
47
43
43
40
36
43
52
39
55
42
43
54
44
43
40
55
43
52
46
34
48
59
49
37
44
51
54
57
39
35
46
51
47
49
34
44
49
42
