3439
5084
4352
5378
9540
8644
7588
13284
7695
7646
7112
7018
6919
6412
6499
5330
4996
4022
5747
3866
3822
3392
3461
3777
4281
4231
4255
4090
3480
3589
4260
3036
2247
2412
2444
2461
2511
4617
4644
4317
3584
3611
4215
2971
2340
2404
2523
2288
2331
2263
2389
2266
3290
4402
4146
3866
3324
3074
2289
2306
2543
2627
2490
2411
2261
3301
3008
3830
2577
2203
2226
2266
2333
2303
2355
2234
2428
2291
2259
2261
2372
2268
2266
2340
2636
2561
2520
2416
2223
2225
2262
2235
3240
3698
3401
2454
3232
3297
5373
6603
